structure(c(0.00030657871304458, 0.00030657871304458, 0.00030657871304458, 
0.00030657871304458, 0.00030657871304458, 0.00030657871304458, 
0.00030657871304458, 0.00030657871304458, 0.00030657871304458, 
0.00030657871304458, 0.00030657871304458, 0.00030657871304458, 
0.00030657871304458, 0.00030657871304458, 0.00781047431495467, 
0.00781047431495467, 0.00781047431495467, 0.00781047431495467, 
0.00781047431495467, 0.00781047431495467, 0.00781047431495467, 
0.00781047431495467, 0.00781047431495467, 0.00781047431495467, 
0.00781047431495467, 0.00781047431495467, 0.00781047431495467, 
0.00781047431495467, 0.00194875254302003, 0.0233878946484935, 
0.0473821882604461, 0.0694072334478477, 0.0973376006230961, 0.121771949465107, 
0.148974093955499, 0.177632246633418, 0.208109739793706, 0.243777394432277, 
0.278415912336417, 0.320140471704463, 0.360835633177642, 0.412796697673448
), .Dim = c(14L, 3L), .Dimnames = list(NULL, c("bias group 1", 
"bias group 2", "bias group 3")))
