structure(c(0.941, 0.941, 0.941, 0.941, 0.941, 0.941, 0.941, 
0.941, 0.941, 0.941, 0.941, 0.941, 0.941, 0.941, 0.949, 0.949, 
0.949, 0.949, 0.949, 0.949, 0.949, 0.949, 0.949, 0.949, 0.949, 
0.949, 0.949, 0.949, 0.955, 0.951, 0.935, 0.924, 0.911, 0.89, 
0.857, 0.825, 0.774, 0.729, 0.705, 0.633, 0.606, 0.601), .Dim = c(14L, 
3L), .Dimnames = list(NULL, c("coverage probability group 1", 
"coverage probability group 2", "coverage probability group 3"
)))
