structure(c(0.948, 0.959, 0.963, 0.972, 0.975, 0.981, 0.979, 
0.983, 0.983, 0.986, 0.987, 0.987, 0.987, 0.987, 0.956, 0.961, 
0.969, 0.975, 0.977, 0.981, 0.984, 0.986, 0.987, 0.989, 0.99, 
0.991, 0.992, 0.991, 0.949, 0.933, 0.87, 0.782, 0.661, 0.504, 
0.369, 0.232, 0.138, 0.069, 0.041, 0.016, 0.01, 0.003), .Dim = c(14L, 
3L), .Dimnames = list(NULL, c("coverage probability group 1", 
"coverage probability group 2", "coverage probability group 3"
)))
