structure(list(BF = structure(c(1L, 1L, 1L, 1L, 1L, 1L, 1L, 1L, 
1L, 1L, 1L, 1L, 1L, 1L, 2L, 2L, 2L, 2L, 2L, 2L, 2L, 2L, 2L, 2L, 
2L, 2L, 2L, 2L, 3L, 3L, 3L, 3L, 3L, 3L, 3L, 3L, 3L, 3L, 3L, 3L, 
3L, 3L, 1L, 1L, 1L, 1L, 1L, 1L, 1L, 1L, 1L, 1L, 1L, 1L, 1L, 1L, 
2L, 2L, 2L, 2L, 2L, 2L, 2L, 2L, 2L, 2L, 2L, 2L, 2L, 2L, 3L, 3L, 
3L, 3L, 3L, 3L, 3L, 3L, 3L, 3L, 3L, 3L, 3L, 3L), .Label = c("BF1u", 
"BF2u", "BF12"), class = "factor"), value = c(0.0122270748687319, 
0.0466948592157322, 0.12525755122968, 0.335446487597835, 0.788315703502994, 
1.57208929357136, 2.6089600292134, 4.00296797085316, 6.00199933302096, 
7.75356603220909, 9.72061334044606, 11.0230758363781, 12.0694828952132, 
12.63632025754, 4595.68190786252, 1691.30956516211, 569.219658932836, 
337.812038260384, 126.012918272862, 77.0608234875044, 43.0089053558275, 
26.3183448076427, 16.0241936889634, 11.0771684477737, 7.4107824408045, 
4.8304499892654, 3.40181782528399, 2.2366542613971, 2.66055726089597e-06, 
2.76087004872207e-05, 0.000220051344439703, 0.000992997435275752, 
0.00625583245200319, 0.0204006293006495, 0.0606609260949231, 
0.152098013766076, 0.374558586193003, 0.699959206070156, 1.31168515849601, 
2.28199771467967, 3.54795098241501, 5.64965291043547, 0.0487855722896897, 
0.073572014313407, 0.0889067508445777, 0.145996416591095, 0.196898146670308, 
0.300282411873352, 0.384134738129499, 0.581097082963385, 0.800044169093538, 
1.12754142117728, 1.6704135691659, 2.22096506479002, 3.32711541356844, 
4.65369394827716, 2137.30382894321, 1670.57096750568, 1281.30420062973, 
870.300231482022, 738.166107646558, 503.559397885233, 342.986159540773, 
223.119431252287, 159.630457343398, 101.934564061644, 61.3278445495526, 
41.3980995667185, 24.310552547811, 13.8114178235495, 2.28257544056391e-05, 
4.4040041246052e-05, 6.93876995024933e-05, 0.000167754082223418, 
0.000266739619484922, 0.000596319745266256, 0.00111997154241973, 
0.00260442167543142, 0.00501185163788937, 0.0110614238806712, 
0.0272374413520471, 0.0536489618614168, 0.136858897263856, 0.336945417750108
), Estimate = structure(c(1L, 1L, 1L, 1L, 1L, 1L, 1L, 1L, 1L, 
1L, 1L, 1L, 1L, 1L, 1L, 1L, 1L, 1L, 1L, 1L, 1L, 1L, 1L, 1L, 1L, 
1L, 1L, 1L, 1L, 1L, 1L, 1L, 1L, 1L, 1L, 1L, 1L, 1L, 1L, 1L, 1L, 
1L, 2L, 2L, 2L, 2L, 2L, 2L, 2L, 2L, 2L, 2L, 2L, 2L, 2L, 2L, 2L, 
2L, 2L, 2L, 2L, 2L, 2L, 2L, 2L, 2L, 2L, 2L, 2L, 2L, 2L, 2L, 2L, 
2L, 2L, 2L, 2L, 2L, 2L, 2L, 2L, 2L, 2L, 2L), .Label = c("OLS", 
"20% trimmed mean"), class = "factor"), Outliers = c(0, 1, 2, 
3, 4, 5, 6, 7, 8, 9, 10, 11, 12, 13, 0, 1, 2, 3, 4, 5, 6, 7, 
8, 9, 10, 11, 12, 13, 0, 1, 2, 3, 4, 5, 6, 7, 8, 9, 10, 11, 12, 
13, 0, 1, 2, 3, 4, 5, 6, 7, 8, 9, 10, 11, 12, 13, 0, 1, 2, 3, 
4, 5, 6, 7, 8, 9, 10, 11, 12, 13, 0, 1, 2, 3, 4, 5, 6, 7, 8, 
9, 10, 11, 12, 13)), row.names = c(NA, 84L), .Names = c("BF", 
"value", "Estimate", "Outliers"), class = c("tbl_df", "tbl", 
"data.frame"))
