structure(list(BF = structure(c(1L, 1L, 1L, 1L, 1L, 1L, 1L, 1L, 
1L, 1L, 1L, 1L, 1L, 1L, 2L, 2L, 2L, 2L, 2L, 2L, 2L, 2L, 2L, 2L, 
2L, 2L, 2L, 2L, 3L, 3L, 3L, 3L, 3L, 3L, 3L, 3L, 3L, 3L, 3L, 3L, 
3L, 3L, 1L, 1L, 1L, 1L, 1L, 1L, 1L, 1L, 1L, 1L, 1L, 1L, 1L, 1L, 
2L, 2L, 2L, 2L, 2L, 2L, 2L, 2L, 2L, 2L, 2L, 2L, 2L, 2L, 3L, 3L, 
3L, 3L, 3L, 3L, 3L, 3L, 3L, 3L, 3L, 3L, 3L, 3L), .Label = c("BF1u", 
"BF2u", "BF12"), class = "factor"), value = c(47.3971077623844, 
47.5296328704687, 44.1231811236579, 39.3047825455412, 32.3359707432083, 
26.0016214969554, 19.811691382025, 14.6950006465481, 10.4463572786615, 
7.20159370453794, 5.0805700055418, 3.09955604118131, 2.25435570347526, 
1.41472642530889, 1.45432863438389, 0.954850188620305, 0.654362563659409, 
0.422088080572699, 0.268387257826074, 0.174436844423297, 0.113184797843501, 
0.0702898451503419, 0.0456223789583365, 0.0266589678642773, 0.0177911858262551, 
0.00992191250649981, 0.0059778872747584, 0.00365923137017822, 
32.5903696329706, 49.7770576336648, 67.4292564612906, 93.1198589929657, 
120.482510999696, 149.06037530614, 175.038448267746, 209.062925307592, 
228.974409427475, 270.137754064665, 285.566687637214, 312.395018515916, 
377.115793567113, 386.618467702955, 45.5819827180255, 45.5623428679091, 
45.150065740614, 44.4053303647829, 43.2288037254551, 41.3673615703199, 
39.6635966125697, 37.3485676566445, 34.8349756161799, 31.6329343289162, 
28.4116764944866, 25.6125016439594, 23.1764371239104, 20.9148351820661, 
1.44740367938719, 1.25266829304389, 1.07252241617095, 0.926674219925348, 
0.765268047296309, 0.657829392173616, 0.537213515557355, 0.445706000713769, 
0.368686941564741, 0.287435545324623, 0.231105162068578, 0.175588959993615, 
0.141837183576956, 0.111809091752743, 31.4922390810311, 36.3722328735534, 
42.0970835293176, 47.9190306690092, 56.4884472547658, 62.8846355338926, 
73.8320899678389, 83.7964209520024, 94.483887789291, 110.052270303559, 
122.938303239006, 145.866241504539, 163.401701439846, 187.05844805821
), Estimate = structure(c(1L, 1L, 1L, 1L, 1L, 1L, 1L, 1L, 1L, 
1L, 1L, 1L, 1L, 1L, 1L, 1L, 1L, 1L, 1L, 1L, 1L, 1L, 1L, 1L, 1L, 
1L, 1L, 1L, 1L, 1L, 1L, 1L, 1L, 1L, 1L, 1L, 1L, 1L, 1L, 1L, 1L, 
1L, 2L, 2L, 2L, 2L, 2L, 2L, 2L, 2L, 2L, 2L, 2L, 2L, 2L, 2L, 2L, 
2L, 2L, 2L, 2L, 2L, 2L, 2L, 2L, 2L, 2L, 2L, 2L, 2L, 2L, 2L, 2L, 
2L, 2L, 2L, 2L, 2L, 2L, 2L, 2L, 2L, 2L, 2L), .Label = c("OLS", 
"20% trimmed mean"), class = "factor"), Outliers = c(0, 1, 2, 
3, 4, 5, 6, 7, 8, 9, 10, 11, 12, 13, 0, 1, 2, 3, 4, 5, 6, 7, 
8, 9, 10, 11, 12, 13, 0, 1, 2, 3, 4, 5, 6, 7, 8, 9, 10, 11, 12, 
13, 0, 1, 2, 3, 4, 5, 6, 7, 8, 9, 10, 11, 12, 13, 0, 1, 2, 3, 
4, 5, 6, 7, 8, 9, 10, 11, 12, 13, 0, 1, 2, 3, 4, 5, 6, 7, 8, 
9, 10, 11, 12, 13)), row.names = c(NA, 84L), .Names = c("BF", 
"value", "Estimate", "Outliers"), class = c("tbl_df", "tbl", 
"data.frame"))
