structure(list(bias = c(0.00172145251646947, 0.0578575912416991, 
0.115445423991002, 0.170490370608348, 0.230498452090434, 0.286672785934722, 
0.342395343289234, 0.397112656536099, 0.456660652488795, 0.51270668423234, 
0.567905574770538, 0.628069241929401, 0.681746122925421, 0.736412975337236, 
0.00194875254302003, 0.0233878946484935, 0.0473821882604461, 
0.0694072334478477, 0.0973376006230961, 0.121771949465107, 0.148974093955499, 
0.177632246633418, 0.208109739793706, 0.243777394432277, 0.278415912336417, 
0.320140471704463, 0.360835633177642, 0.412796697673448), outliers = c(0, 
1, 2, 3, 4, 5, 6, 7, 8, 9, 10, 11, 12, 13, 0, 1, 2, 3, 4, 5, 
6, 7, 8, 9, 10, 11, 12, 13), estimate = structure(c(1L, 1L, 1L, 
1L, 1L, 1L, 1L, 1L, 1L, 1L, 1L, 1L, 1L, 1L, 2L, 2L, 2L, 2L, 2L, 
2L, 2L, 2L, 2L, 2L, 2L, 2L, 2L, 2L), .Label = c("OLS", "20% trimmed mean"
), class = "factor")), .Names = c("bias", "outliers", "estimate"
), row.names = c(NA, 28L), class = "data.frame")
