structure(list(Y = c(-10, -9, -8, -7, -6, -5, -4, -3, -2, -1, 
0, 1, 2, 3, 4, 5, 6, 7, 8, 9, 10, -10, -9, -8, -7, -6, -5, -4, 
-3, -2, -1, 0, 1, 2, 3, 4, 5, 6, 7, 8, 9, 10), Estimator = c("mean", 
"mean", "mean", "mean", "mean", "mean", "mean", "mean", "mean", 
"mean", "mean", "mean", "mean", "mean", "mean", "mean", "mean", 
"mean", "mean", "mean", "mean", "trimmed", "trimmed", "trimmed", 
"trimmed", "trimmed", "trimmed", "trimmed", "trimmed", "trimmed", 
"trimmed", "trimmed", "trimmed", "trimmed", "trimmed", "trimmed", 
"trimmed", "trimmed", "trimmed", "trimmed", "trimmed", "trimmed"
), Value = c(-0.0818520106820023, -0.0667004955304871, -0.051548980378972, 
-0.0363974652274568, -0.0212459500759417, -0.00609443492442651, 
0.00905708022708864, 0.0242085953786038, 0.0393601105301189, 
0.0545116256816341, 0.0696631408331492, 0.0848146559846644, 0.0999661711361795, 
0.115117686287695, 0.13026920143921, 0.145420716590725, 0.16057223174224, 
0.175723746893755, 0.19087526204527, 0.206026777196786, 0.221178292348301, 
0.0586007602278949, 0.0586007602278949, 0.0586007602278949, 0.0586007602278949, 
0.0586007602278949, 0.0586007602278949, 0.0586007602278949, 0.0586007602278949, 
0.0586007602278949, 0.0586007602278949, 0.0753440093677944, 0.0965897372272137, 
0.0965897372272137, 0.0965897372272137, 0.0965897372272137, 0.0965897372272137, 
0.0965897372272137, 0.0965897372272137, 0.0965897372272137, 0.0965897372272137, 
0.0965897372272137)), row.names = c(NA, -42L), .Names = c("Y", 
"Estimator", "Value"), class = "data.frame")
