structure(list(x = c(-10, -9, -8, -7, -6, -5, -4, -3, -2, -1, 
0, 1, 2, 3, 4, 5, 6, 7, 8, 9, 10), IFmean = c(-9.97738889566185, 
-8.97738889566185, -7.97738889566185, -6.97738889566185, -5.97738889566185, 
-4.97738889566185, -3.97738889566185, -2.97738889566185, -1.97738889566185, 
-0.977388895661851, 0.0226111043381494, 1.02261110433815, 2.02261110433815, 
3.02261110433815, 4.02261110433815, 5.02261110433815, 6.02261110433815, 
7.02261110433815, 8.02261110433815, 9.02261110433815, 10.0226111043382
), IFtrimmed = c(-1.23826851718062, -1.23826851718062, -1.23826851718062, 
-1.23826851718062, -1.23826851718062, -1.23826851718062, -1.23826851718062, 
-1.23826851718062, -1.23826851718062, -1.23826851718062, 0.129994548611496, 
1.32510387099197, 1.32510387099197, 1.32510387099197, 1.32510387099197, 
1.32510387099197, 1.32510387099197, 1.32510387099197, 1.32510387099197, 
1.32510387099197, 1.32510387099197)), .Names = c("x", "IFmean", 
"IFtrimmed"), row.names = c(NA, -21L), class = "data.frame")
