structure(c(0.00127043828099126, 0.00127043828099126, 0.00127043828099126, 
0.00127043828099126, 0.00127043828099126, 0.00127043828099126, 
0.00127043828099126, 0.00127043828099126, 0.00127043828099126, 
0.00127043828099126, 0.00127043828099126, 0.00127043828099126, 
0.00127043828099126, 0.00127043828099126, 0.0066080674579108, 
0.0066080674579108, 0.0066080674579108, 0.0066080674579108, 0.0066080674579108, 
0.0066080674579108, 0.0066080674579108, 0.0066080674579108, 0.0066080674579108, 
0.0066080674579108, 0.0066080674579108, 0.0066080674579108, 0.0066080674579108, 
0.0066080674579108, 0.00172145251646946, 0.057857591241699, 0.115445423991002, 
0.170490370608348, 0.230498452090434, 0.286672785934722, 0.342395343289234, 
0.397112656536099, 0.456660652488795, 0.51270668423234, 0.567905574770538, 
0.628069241929401, 0.681746122925421, 0.736412975337236), .Dim = c(14L, 
3L), .Dimnames = list(NULL, c("bias group 1", "bias group 2", 
"bias group 3")))
